001110111000000011111
001110111000000011110
0011101110000000110
1000111110000010
00101001110001011
00101001000011111
00101001100111001
00101001100111000
00100011101101001
00101110001000011
00100011101101010
00100011101001000
00111011100000000
00001001101000010
00101001110001001
00101001000011100
00100011100111000
00100011101001001
00100011101101000
00100011100111001
00001001101100010
00001001101000000
1110101100011110
1110101100011011
00001001101100011
1110101011110100
1110101100011010
1110101100011111
1110101000101111
1110101011110101
1110101000100010
1110101011000101
1110101011000100
1110101000101110
1110101000100100
1100101100110011
1000111111011101
1100101100110001
1000111110000011
1000111100010010
1000111111011100
1000111100010000
1000111100010001
0101011101111111
001011100010001
1100101100111
0010100111011
0101011101100
01101010110100
0010001110100101
1000001010001100
1000001010001101
0110101011000111
0101011101111110
0110101011000110
0100101111010011
0101011001101111
0101011001101110
0100101111010010
0100101111010001
0011111100010101
0011111100010100
0011101110000010
0010111000010110
0010111000100000
111010110001110
010101110111110
10001111011001
00101001100010
1110101001000
1110101111010
01010110011010
001000111011011
011010101101011
100011111101100
111010100010000
111010100000000
100011111110101
100011111110100
100011110010010
011010110001100
001111110001011
10000010100001
1000111110011
111010111010
010101110010
010010100010
010101100111
100000100101
111010101110
0100101110110
1000111100101
1000001001000
0100101110111
111010100101
001110111001
11101010011
001010010001
100011110011
0010001110000
111100111000
0010100111010
1000001001100
1000111100011
0010111000111
100000110100
010010100000
010101100101
0000100111111
1110101000010
00101001000010
1000111100000
0010100110010
100000110111
011010110000
110010110010
0011101110001
0100101001111
110010110101
010010111010
010010100001
011010110111
0000100111100
1000001010111
00111111000111
10000010100010
10001111111001
10001111100100
10001111100011
10001111000101
01001011110101
0110101101100
011010100101
11001011011
10001111101
001111110101
0010100111001
0100101001110
111010100011
010010111100
010010100011
100000101001
100000110110
001010010010
10000010110
01010111000
00101001111
00001001100
00001001110
00101001011
01101010000
11110011101
001111110000
11101011100
00111011101
1110101101
00101001010
01010110000
01101011001
10000010000
01101010111
01001011100
1111001111
1000001100
0011101111
110010111
100011100
110010100
100011101
010101111
001111101
001010111
001000110
000010010
11110010
11101000
10000000
01010100
00101111
00101010
00100010
00001000
1100100
0111111
0111000
0111001
0110100
0110001
0011110
0010110
0000101
111101
111011
110111
110110
101111
100010
011101
010111
010000
001100
001001
000110
000000
11010
11000
10101
10100
10010
10011
10110
11100
11111
000001
000101
000100
000011
000111
001101
010001
010100
010011
010110
011001
011011
011110
100001
110011
0010000
0011100
0100100
0110000
0111110
1000110
1011100
1011101
1111000
00101000
00111010
01010101
10000001
11101001
001010110
010010101
010010110
001111111
001111100
001011101
001110110
010101101
011010111
100000111
110010101
111100110
0010001111
0010111001
0110101010
1110101010
00101001101
00111111001
01101010011
01101011010
01010111010
01001010010
01101010001
10000010111
10001111010
11101011001
001111110100
010101100010
001111110111
010010111110
100000100011
111010101101
0101011001000
1110101000011
1110101111111
1000001101011
0100101001101
0101011000110
1000111111010
00100011101000
1110101011001
0100101111110
111100111001
111010111100
0010100100110
0011111101101
1000001000101
1000001000100
0010111000101
0010001110001
0101011001001
00101110000011
01001011111110
0110101001000
100011110111
100011111111
0101011000111
1110101111011
00101001100011
00101110001001
01001011111111
10000010011101
11001011001101
10001111111000
01010111001111
00101001001110
00100011101010
00100011101011
1110101100010
0101011001100
111010110000
111010111011
1000001101010
11001011000010
001011100011010
001000111011001
001010011100011
100000100100101
0000100110110010
0010001110011101
0010100100001101
0010001110110001
111010100010011
011010101100010
001010011001111
10001111000011
00100011100110
0010111000011
100000101010
110010110100
0110101100010
01101010110110
001011100001010
001011100011011
11101010111111
01010111001110
00101001001111
00001001111010
00101001100110
01101011011010
001011100000100
100011111101101
100011111101111
001111110001000
10000010100000
00101110000100
00001001101110
00001001101010
00001001101111
1000001001111
0010001110010
111010111110
0110101011001
01001010011001
10001111100101
10001111110011
10001111011000
10000010011100
01101011000111
10000010010011
10001111001000
11101010010011
11101010000001
11001011000011
10001111111011
11101010111100
000010011010001
11101010010010
00101001000001
0010111000000
0010001110111
00001001101001
100000100100100
0011101110000001
111010110001100
100011110010011
111010100000001
0000100110110000
111010101100011
001000111001111
00001001101101
0101011101101
0101011101110
1110101111110
11101010001010
111010101111011
1100101100110010
00001001111100001
0000100110110011
10001111110001
00001001111101
1110101000001
00001001111011
10000010101101
001011100000101
001010011100001
001000111010011
01101010110111
00001001101011
1100101100010
00101001000000
10001111100010
100011111000000
1110101000100101
00001001111100000
1110101000100011
00001001101000001
00001001101000011
0110101100011010
0010111000010111
0000100111110001
0010100100001100
0010100110011101
111010100010110
001111110001001
11101010110000
01101011011011
00111011100001
1100101100011
0011111101100
0010100110000
0101011100110
00111111000110
001010011100000
01101010110000
1000001001101
0110101001001
00101110001100
011010101101010
001110111000000010
0110101100011011
11101010111110
1100101100000
0100101111011
1000111101101
10001111100001
0010001110110000
01001011110100001
00111011100000111
1100101100110000
010101100110110
10000010101100
01001010011000
01010111011110
10001111000010
10001111110000
10001111110010
000010011111001
100000101000111
1000111100010011
00111011100000110
00100011101101011
00101110001000010
00101001000011101
00101001110001010
00101001000011110
00101001110001000
01001011110100000
00111011100000001110
