487455,
487454,
121862,
36738,
21387,
21023,
21305,
21304,
18281,
23619,
18282,
18248,
30464,
4930,
21385,
21020,
18232,
18249,
18280,
18233,
4962,
4928,
60190,
60187,
4963,
60148,
60186,
60191,
59951,
60149,
59938,
60101,
60100,
59950,
59940,
52019,
36829,
52017,
36739,
36626,
36828,
36624,
36625,
22399,
5905,
6503,
1339,
2796,
6836,
9125,
33420,
33421,
27335,
22398,
27334,
19411,
22127,
22126,
19410,
19409,
16149,
16148,
15234,
11798,
11808,
30094,
11198,
9177,
2658,
7496,
7546,
5530,
4571,
13675,
18412,
29968,
29952,
18421,
18420,
18322,
13708,
8075,
8353,
4595,
3770,
1394,
1186,
1383,
2085,
3758,
2422,
4581,
4168,
2423,
3749,
953,
1875,
657,
2291,
1136,
3896,
1338,
4172,
4579,
1479,
2100,
1184,
1381,
319,
7490,
2626,
4576,
1330,
2103,
1712,
3250,
1905,
2383,
3253,
1210,
1185,
1719,
316,
4183,
4039,
8354,
9209,
9188,
9187,
9157,
4853,
3436,
1701,
1627,
1149,
1013,
1337,
2382,
3747,
1212,
1187,
2089,
2102,
658,
1046,
696,
335,
76,
78,
331,
848,
1949,
1008,
1884,
477,
941,
330,
688,
857,
1040,
855,
604,
975,
524,
239,
407,
284,
404,
285,
175,
125,
87,
70,
18,
242,
232,
128,
84,
47,
42,
34,
8,
100,
63,
56,
57,
52,
49,
30,
22,
5,
61,
59,
55,
54,
47,
34,
29,
23,
16,
12,
9,
6,
0,
26,
24,
21,
20,
18,
19,
22,
28,
31,
1,
5,
4,
3,
7,
13,
17,
20,
19,
22,
25,
27,
30,
33,
51,
16,
28,
36,
48,
62,
70,
92,
93,
120,
40,
58,
85,
129,
233,
86,
149,
150,
127,
124,
93,
118,
173,
215,
263,
405,
486,
143,
185,
426,
938,
333,
505,
851,
858,
698,
594,
849,
1047,
1146,
1881,
1012,
1378,
1015,
1214,
2083,
3757,
2760,
7491,
7551,
4203,
2381,
2758,
4602,
2280,
7513,
2430,
3897,
3772,
1318,
2029,
4165,
4164,
1477,
1137,
2761,
2947,
4862,
3400,
2295,
2303,
2759,
7547,
2659,
2953,
4863,
8349,
13005,
9208,
5583,
2638,
2282,
2283,
7522,
2764,
3760,
3771,
4202,
12994,
5914,
4569,
5347,
16677,
2482,
9117,
10509,
9137,
29971,
13666,
5327,
9155,
2278,
1475,
2090,
3252,
3426,
6838,
5898,
5915,
15039,
5582,
2639,
634,
2662,
6874,
5892,
18413,
18415,
8072,
8352,
2948,
622,
618,
623,
4175,
1138,
3774,
3417,
4761,
9189,
9203,
9176,
8348,
6855,
8339,
9160,
14995,
14977,
12995,
9211,
15036,
1233,
14994,
2625,
1472,
1143,
617,
16676,
15233,
30092,
18323,
29953,
2480,
30051,
4559,
621,
2797,
2798,
7550,
14986,
30075,
52018,
5089,
2483,
9201,
637,
7489,
635,
8365,
5893,
5345,
4563,
6839,
619,
6498,
2624,
9186,
18368,
59941,
5088,
59939,
4929,
4931,
27418,
11799,
2545,
10508,
10653,
29974,
8073,
15024,
6875,
3809,
6499,
2028,
1328,
2790,
4038,
5344,
6832,
4173,
3401,
2956,
13674,
60930,
27419,
15038,
6496,
2427,
4589,
9185,
9136,
38817,
30471,
52016,
11062,
8364,
4760,
5598,
9154,
9200,
9202,
1273,
16711,
36627,
30470,
18283,
23618,
21021,
21386,
21022,
21384,
38816,
243726,
